# t0=2023-05-25T20:00:00.000
0.0	-1183413.5193963696	85749.51533179032	316960.8222913663	7013.436666408829	-1833.1204629010806	1264.2092280985266
1.0	-1176399.5076592094	83915.93846347765	318221.09348292195	7014.6069685601915	-1834.0390232631162	1256.336046363866
2.0	-1169384.3297623566	82081.44414105499	319473.49078795745	7015.768983262815	-1834.9553944681068	1248.461392555454
3.0	-1162367.9939935517	80246.03455467802	320718.0127390361	7016.922709465073	-1835.8695743709886	1240.5852759149395
4.0	-1155350.5086417738	78409.711896681	321954.65787794103	7018.06814612493	-1836.7815608299652	1232.7077056858307
5.0	-1148331.8819969525	76572.47836154723	323183.4247556963	7019.205292210365	-1837.6913517050373	1224.8286911132361
6.0	-1141312.122350316	74734.33614593232	324404.31193254923	7020.334146698799	-1838.5989448599894	1216.9482414441732
7.0	-1134291.2379935307	72895.28744850028	325617.31797806325	7021.45470857786	-1839.5043381601392	1209.0663659267034
8.0	-1127269.2372200217	71055.33447023528	326822.4414709605	7022.566976844615	-1840.4075294741908	1201.1830738113292
9.0	-1120246.128323392	69214.47941404046	328019.68099930044	7023.670950506243	-1841.3085166729134	1193.2983743492812
10.0	-1113221.9195988767	67372.724485107	329209.035160335	7024.766628579437	-1842.2072976303284	1185.4122767941005
11.0	-1106196.6193423131	65530.071890670806	330390.50256062264	7025.8540100909095	-1843.1038702224826	1177.524790400532
12.0	-1099170.2358507959	63686.52384013939	331564.08181590587	7026.933094076957	-1843.998232328705	1169.6359244252124
13.0	-1092142.7774219755	61842.082544973586	332729.771551277	7028.003879583952	-1844.8903818302058	1161.7456881259434
14.0	-1085114.2523551239	59996.75021886919	333887.57040095376	7029.066365667662	-1845.780316611955	1153.8540907627994
15.0	-1078084.6689497894	58150.529077521525	335037.4770085352	7030.120551394049	-1846.668034560499	1145.9611415967265
16.0	-1071054.0355067397	56303.42133876984	336179.49002683884	7031.166435838607	-1847.5535335658383	1138.0668498905097
17.0	-1064022.3603275295	54455.429222566425	337313.60811797425	7032.204018086841	-1848.4368115200052	1130.171224908349
18.0	-1056989.651714944	52606.554951006314	338439.82995321776	7033.233297233817	-1849.317866318364	1122.2742759163182
19.0	-1049955.9179720269	50756.8007481714	339558.1542132804	7034.25427238468	-1850.1966958583228	1114.3760121813082
20.0	-1042921.1674036745	48906.16884045303	340668.5795879385	7035.266942654044	-1851.0732980405771	1106.4764429727766
21.0	-1035885.4083146043	47054.66145609878	341771.10477642284	7036.271307166673	-1851.9476707679376	1098.5755775605244
22.0	-1028848.6490111679	45202.28082562727	342865.7284871207	7037.267365056876	-1852.8198119463475	1090.6734252166673
23.0	-1021810.8978002793	43349.02918157296	343952.4494377221	7038.255115468859	-1853.6897194842911	1082.7699952144787
24.0	-1014772.1629899538	41494.90875863528	345031.2663551768	7039.234557556535	-1854.5573912931152	1074.865296828972
25.0	-1007732.4528884222	39639.92179343931	346102.1779757779	7040.205690483868	-1855.4228252864184	1066.959339335946
26.0	-1000691.7758055432	37784.070524894865	347165.1830449861	7041.168513424306	-1856.286019381105	1059.0521320135006
27.0	-993650.1400512853	35927.357193813776	348220.28031765774	7042.123025561403	-1857.1469714961866	1051.14368414041
28.0	-986607.5539370487	34069.78404323431	349267.4685578303	7043.069226088228	-1858.0056795540147	1043.234004997542
29.0	-979564.0257746053	32211.353318188107	350306.74653885537	7044.0071142079105	-1858.8621414790273	1035.3231038667325
30.0	-972519.5638766917	30352.067265804624	351338.1130434008	7044.936689133229	-1859.7163551988683	1027.4109900313865
31.0	-965474.1765567497	28491.928135257447	352361.56686336943	7045.857950086803	-1860.5683186437461	1019.4976727762349
32.0	-958427.8721293015	26630.93817788118	353377.1067999416	7046.7708963009945	-1861.418029746759	1011.5831613877256
33.0	-951380.6589090007	24769.09964692325	354384.73166367004	7047.675527018169	-1862.2654864432714	1003.6674651530042
34.0	-944332.5452118134	22906.414797806763	355384.44027430937	7048.571841490259	-1863.11068667202	995.7505933611744
35.0	-937283.5393543048	21042.88588801294	356376.2314609175	7049.4598389791945	-1863.9536283738282	987.8325553025652
36.0	-930233.6496537349	19178.515177038847	357360.1040618676	7050.339518756549	-1864.7943094929324	979.9133602687773
37.0	-923182.8844278951	17313.30492642161	358336.0569248323	7051.210880103888	-1865.6327279756767	971.9930175525666
38.0	-916131.251995434	15447.257399761584	359304.0889067645	7052.073922312497	-1866.4688817714698	964.0715364481476
39.0	-909078.7606762832	13580.374862845056	360264.19887384214	7052.928644683244	-1867.3027688329357	956.1489262516862
40.0	-902025.418789953	11712.659583251923	361216.38570167276	7053.775046527226	-1868.1343871145525	948.2251962594406
41.0	-894971.234657547	9844.113830814254	362160.6482750472	7054.613127165012	-1868.963734574337	940.3003557699483
42.0	-887916.2166002761	7974.739877286251	363096.9854881376	7055.4428859272275	-1869.7908091724153	932.3744140824239
43.0	-880860.3729405426	6104.539996553096	364025.3962443337	7056.2643221540475	-1870.6156088723587	924.4473804979111
44.0	-873803.7120009246	4233.516464460059	364945.8794563967	7057.077435195727	-1871.4381316398576	916.5192643182124
45.0	-866746.2421048887	2361.671558901202	365858.43404635764	7057.882224412087	-1872.258375444028	908.5900748466263
46.0	-859687.971576269	489.00755979306996	366763.0589455834	7058.67868917304	-1873.0763382559658	900.6598213874336
47.0	-852628.9087401682	-1384.4732508467278	367659.75309466093	7059.466828857901	-1873.892018050675	892.7285132468066
48.0	-845569.0619215225	-3258.7685890845023	368548.51544359454	7060.246642856218	-1874.7054128048483	884.7961597313206
49.0	-838508.4394463273	-5133.876168915303	369429.34495162766	7061.01813056705	-1875.5165204987406	876.8627701492345
50.0	-831447.0496412143	-7009.79370225512	370302.2405873039	7061.781291399473	-1876.3253391147903	868.9283538100766
51.0	-824384.9008332149	-8886.518899101764	371167.2013285054	7062.536124772191	-1877.1318666388722	860.9929200243345
52.0	-817322.0013497986	-10764.049467424513	372024.22616244294	7063.282630113917	-1877.9361010590237	853.0564781035454
53.0	-810258.3595194251	-12642.383113119053	372873.3140856003	7064.020806862955	-1878.7380403667366	845.1190373608626
54.0	-803193.983670518	-14521.517540175933	373714.4641038175	7064.750654467713	-1879.537682555514	837.180607109978
55.0	-796128.8821329253	-16401.450450429693	374547.67523216177	7065.472172385995	-1880.3350256227939	829.2411966666458
56.0	-789063.0632360615	-18282.17954388552	375372.94649512914	7066.185360085836	-1881.13006756772	821.3008153467455
57.0	-781996.5353106	-20163.702518417267	376190.2769264417	7066.890217044789	-1881.9228063930623	813.3594724680546
58.0	-774929.3066873122	-22046.017069964553	376999.6655691954	7067.586742750434	-1882.7132401037748	805.4171773490306
59.0	-767861.3856977022	-23929.120892462903	377801.1114757762	7068.274936699954	-1883.5013667082708	797.4739393094637
60.0	-760792.7806735004	-25813.011677879025	378594.6137079258	7068.95479840057	-1884.287184217179	789.5297676699661
61.0	-753723.4999473458	-27697.68711613654	379380.17133663245	7069.626327369093	-1885.0706906446162	781.5846717526746
62.0	-746653.5518518097	-29583.144895242993	380157.7834423098	7070.289523132401	-1885.8518840067006	773.6386608802422
63.0	-739582.944720671	-31469.382701138617	380927.4491145804	7070.94438522682	-1886.630762323561	765.6917443771401
64.0	-732511.6868873807	-33356.39821787772	381689.1674524897	7071.590913198876	-1887.4073236170289	757.743931568089
65.0	-725439.7866864321	-35244.18912747002	382442.9375643467	7072.229106604622	-1888.181565912596	749.7952317794717
66.0	-718367.252452286	-37132.75311000098	383188.7585678325	7072.858965010158	-1888.9534872379822	741.8456543382131
67.0	-711294.0925203557	-39022.08784351917	383926.6295899004	7073.480487991152	-1889.7230856243996	733.895208572814
68.0	-704220.3152258948	-40912.19100419723	384656.5497668927	7074.093675133333	-1890.4903591052769	725.943903812181
69.0	-697145.9289050996	-42803.060266155866	385378.51824442693	7074.698526032011	-1891.2553057175678	717.9917493867824
70.0	-690070.9418940155	-44694.69330163172	386092.5341775117	7075.295040292581	-1892.0179235002847	710.0387546275073
71.0	-682995.362529815	-46587.08778080833	386798.59673040593	7075.883217529866	-1892.7782104964479	702.0849288669924
72.0	-675919.1991491702	-48480.24137204082	387496.70507677656	7076.463057368914	-1893.5361647508364	694.1302814379327
73.0	-668842.4600900994	-50374.151741551	388186.8583995573	7077.034559444254	-1894.2917843118803	686.1748216750178
74.0	-661765.1536898895	-52268.81655383599	388869.055891101	7077.5977234005195	-1895.0450672303114	678.2185589127204
75.0	-654687.2882871281	-54164.233471251326	389543.2967530242	7078.152548891878	-1895.7960115603498	670.2615024874727
76.0	-647608.8722202622	-56060.400154288625	390209.58019629517	7078.69903558254	-1896.5446153584655	662.3036617361406
77.0	-640529.9138281785	-57957.3142615126	390867.90544121515	7079.237183146368	-1897.2908766847224	654.3450459965917
78.0	-633450.4214498561	-59854.973449539044	391518.27171748993	7079.766991267222	-1898.034793601207	646.3856646074033
79.0	-626370.4034250723	-61753.37537302112	392160.6782640562	7080.288459638517	-1898.776364173923	638.4255269085368
80.0	-619289.8680937343	-63652.51768466912	392795.1243292419	7080.80158796361	-1899.5155864712929	630.464642240674
81.0	-612208.8237957073	-65552.39803531708	393421.609170737	7081.306375955783	-1900.2524585643175	622.5030199450392
82.0	-605127.2788715276	-67453.01407384104	394040.1320555466	7081.80282333793	-1900.9869785275646	614.5406693641074
83.0	-598045.2416617073	-69354.36344719888	394650.6922600247	7082.29092984296	-1901.7191444378795	606.5775998409293
84.0	-590962.7205074072	-71256.44380039704	395253.28906985326	7082.770695213378	-1902.4489543756706	598.6138207197952
85.0	-583879.7237494723	-73159.2527766003	395847.92178012116	7083.242119201727	-1903.1764064236247	590.6493413452356
86.0	-576796.2597294324	-75062.78801699536	396434.5896951766	7083.7052015702075	-1903.9014986678458	582.6841710630802
87.0	-569712.3367891331	-76967.04716082511	397013.2921287413	7084.159942090848	-1904.6242291972142	574.7183192200733
88.0	-562627.963270376	-78872.02784549637	397584.02840391325	7084.60634054548	-1905.3445961036925	566.7517951634602
89.0	-555543.1475150611	-80777.72770650015	398146.7978531226	7085.04439672589	-1906.0625974817312	558.784608241186
90.0	-548457.8978656661	-82684.14437738538	398701.59981811885	7085.474110433464	-1906.7782314293372	550.8167678023603
91.0	-541372.2226645796	-84591.2754898076	399248.4336500667	7085.895481479586	-1907.4914960468204	542.8482831965945
92.0	-534286.1302545735	-86499.11867354845	399787.2987094016	7086.308509685295	-1908.202389438129	534.8791637744426
93.0	-527199.628978433	-88407.6715564545	400318.19436595927	7086.7131948816	-1908.910909709469	526.9094188870891
94.0	-520112.72717890993	-90316.93176459632	400841.1199989355	7087.109536909211	-1909.6170549705205	518.9390578861991
95.0	-513025.433199547	-92226.89692196785	401356.07499682135	7087.497535618656	-1910.3208233337623	510.9680901248975
96.0	-505937.7553837149	-94137.5646507807	401863.0587574919	7087.877190870236	-1911.022212914765	502.9965249566721
97.0	-498849.70207443647	-96048.93257141742	402362.07068822696	7088.24850253423	-1911.7212218316429	495.0243717352182
98.0	-491761.28161565657	-97960.99830227444	402853.11020557326	7088.611470490523	-1912.4178482060777	487.05163981577834
99.0	-484672.5023507677	-99873.75945994712	403336.1767354995	7088.966094628994	-1913.112090162108	479.07833855359235
100.0	-477583.37262380205	-101787.21365910972	403811.26971327513	7089.312374849147	-1913.8039458273977	471.1044773051276
101.0	-470493.900778444	-103701.35851259105	404278.3885835806	7089.6503110604845	-1914.4934133319257	463.1300654270854
102.0	-463404.09515864786	-105616.19163136656	404737.53280041984	7089.979903182189	-1915.1804908091729	455.15511227698823
103.0	-456313.96410864196	-107531.71062447812	405188.70182715706	7090.301151143265	-1915.8651763954213	447.17962721325233
104.0	-449223.5159725193	-109447.9130991773	405631.8951365135	7090.614054882509	-1916.547468230127	439.20361959469653
105.0	-442132.7590943475	-111364.79666081839	406067.1122105768	7090.918614348658	-1917.2273644552552	431.2270987807134
106.0	-435041.70181849133	-113282.35891291057	406494.3525407887	7091.214829500066	-1917.9048632164045	423.25007413155265
107.0	-427950.3524889592	-115200.59745713195	406913.61562797707	7091.502700305091	-1918.579962661562	415.2725550076789
108.0	-420858.7194502223	-117119.50989328255	407324.9009822798	7091.782226741704	-1919.2526609423244	407.29455077059663
109.0	-413766.8110463872	-119039.09381933167	407728.20812324714	7092.053408797877	-1919.9229562127075	399.31607078201955
110.0	-406674.6356220867	-120959.34683134619	408123.53657974233	7092.316246471174	-1920.590846630338	391.33712440478314
111.0	-399582.20152111887	-122880.26652367046	408510.88589005556	7092.570739769252	-1921.2563303550785	383.3577210014085
112.0	-392489.51708830846	-124801.85048868728	408890.25560175476	7092.816888709194	-1921.9194055509463	375.3778699360581
113.0	-385396.59066760144	-126724.09631701617	409261.6452718503	7093.054693318247	-1922.580070383849	367.39758057257006
114.0	-378303.430603308	-128647.00159742922	409625.05446667224	7093.284153633254	-1923.2383230233554	359.41686227571483
115.0	-371210.045239795	-130570.56391684292	409980.4827619251	7093.505269700884	-1923.8941616420918	351.43572441089856
116.0	-364116.4429209363	-132494.78086041985	410327.92974268994	7093.718041577694	-1924.5475844153782	343.45417634357455
117.0	-357022.6319907863	-134419.6500114344	410667.39500340796	7093.922469330056	-1925.1985895215932	335.4722274399736
118.0	-349928.6207935731	-136345.168951325	410998.87814787077	7094.118553034018	-1925.8471751424477	327.48988706707576
119.0	-342834.4176731771	-138271.33525975855	411322.378789252	7094.306292775522	-1926.4933394625737	319.507164592054
120.0	-335740.030973342	-140198.1465145976	411637.89655009727	7094.485688650288	-1927.137080669638	311.5240693825112
121.0	-328645.46903797647	-142125.6002918524	411945.43106229836	7094.656740763785	-1927.7783969545096	303.5406108067985
122.0	-321550.7402104647	-144053.69416576478	412244.9819671402	7094.819449231456	-1928.4172865106611	295.5567982332904
123.0	-314455.8528345558	-145982.42570872942	412536.5489152665	7094.97381417831	-1929.0537475352328	287.5726410313046
124.0	-307360.8152534376	-147911.79249137134	412820.13156668073	7095.119835739387	-1929.6877782278134	279.5881485701596
125.0	-300265.63581053936	-149841.79208250548	413095.72959075985	7095.257514059318	-1930.3193767916987	271.60333021996723
126.0	-293170.3228486632	-151772.42204917347	413363.3426662673	7095.386849292736	-1930.9485414326011	263.6181953507755
127.0	-286074.8847110461	-153703.67995655115	413622.9704813176	7095.507841603901	-1931.5752703597882	255.63275333366133
128.0	-278979.32974021835	-155635.563368141	413874.61273340276	7095.62049116696	-1932.199561785456	247.6470135394986
129.0	-271883.6662789765	-157568.06984556714	414118.26912938384	7095.724798165787	-1932.8214139250374	239.6609853400325
130.0	-264787.90266988124	-159501.19694860256	414353.9393854912	7095.820762794186	-1933.4408249965538	231.67467810736727
131.0	-257692.04725464247	-161434.9422355135	414581.62322733644	7095.9083852556	-1934.0577932217825	223.68810121318285
132.0	-250596.10837513593	-163369.30326260094	414801.32038990734	7095.987665763442	-1934.6723168249491	215.70126402997886
133.0	-243500.09437384154	-165304.27758426202	415013.0306175279	7096.058604540715	-1935.2843940339847	207.71417593147083
134.0	-236404.01359168207	-167239.86275337162	415216.75366395037	7096.121201820432	-1935.8940230793064	199.72684629025963
135.0	-229307.87437012955	-169176.0563209224	415412.489292262	7096.17545784524	-1936.5012021949008	191.73928448011364
136.0	-222211.6850503825	-171112.85583610996	415600.2372749157	7096.221372867636	-1937.1059296177034	183.75149987508746
137.0	-215115.4539732712	-173050.25884642708	415779.99739376805	7096.258947149877	-1937.7082035879216	175.76350184940372
138.0	-208019.1894789862	-174988.26289762167	415951.76944004337	7096.288180964121	-1938.3080223483892	167.77529977719124
139.0	-200922.89990816824	-176926.86553361718	416115.5532143172	7096.309074592161	-1938.9053841456862	159.78690303361375
140.0	-193826.59360054298	-178866.06429662334	416271.3485265807	7096.321628325751	-1939.500287228889	151.7983209934627
141.0	-186730.27889598347	-180805.85672711037	416419.1551961382	7096.325842466259	-1940.0927298508402	143.80956303221708
142.0	-179633.96413365752	-182746.24036378312	416558.973051745	7096.321717325023	-1940.6827102668403	135.82063852521884
143.0	-172537.6576526448	-184687.21274363523	416690.80193147575	7096.309253223035	-1941.2702267358245	127.83155684825623
144.0	-165441.3677917628	-186628.77140187516	416814.64168279094	7096.288450491119	-1941.8552775196902	119.84232737742721
145.0	-158345.10288947914	-188570.91387200425	416930.49216255336	7096.259309469847	-1942.4378608836164	111.85295948901667
146.0	-151248.87128363957	-190513.63768578175	417038.35323696304	7096.221830509718	-1943.0179750954815	103.86346255923836
147.0	-144152.68131199107	-192456.94037327706	417138.22478162404	7096.176013970822	-1943.5956184269066	95.87384596474949
148.0	-137056.54131189617	-194400.8194627292	417230.1066815158	7096.121860223223	-1944.1707891520355	87.88411908240504
149.0	-129960.45962045528	-196345.27248074155	417313.99883097084	7096.059369646598	-1944.7434855487957	79.89429128931721
150.0	-122864.44457379926	-198290.2969522195	417389.90113373555	7095.988542630578	-1945.3137058976372	71.9043719621557
151.0	-115768.50450850767	-200235.8904002375	417457.8135028924	7095.909379574444	-1945.8814484826296	63.91437047864514
152.0	-108672.64776020532	-202182.05034625035	417517.7358609333	7095.821880887324	-1946.4467115908649	55.924296216048546
153.0	-101576.88266420003	-204128.77430999983	417569.6681397122	7095.72604698809	-1947.0094935125771	47.93415855187276
154.0	-94481.21755559131	-206076.05980946464	417613.6102804537	7095.621878305398	-1947.5697925413363	39.94396686396975
155.0	-87385.6607688521	-208023.90436093113	417649.5622337955	7095.509375277726	-1948.1276069735545	31.95373053011673
156.0	-80290.2206377188	-209972.30547905742	417677.52395969874	7095.388538353374	-1948.682935108836	23.963458927854628
157.0	-73194.90549601277	-211921.260676705	417697.49542755284	7095.259367990302	-1949.2357752502503	15.973161435401797
158.0	-66099.72367709171	-213870.76746506692	417709.4766160848	7095.121864656271	-1949.786125704073	7.982847431043466
159.0	-59004.68351320078	-215820.82335367112	417713.4675134332	7094.976028828977	-1950.3339847791044	-0.007473707520222028
160.0	-51909.793336879695	-217771.42585037474	417709.4681170776	7094.8218609956	-1950.8793507884777	-7.997792601768285
161.0	-44815.06147959235	-219722.5724612805	417697.4784339168	7094.659361653392	-1951.422222047362	-15.988099873669388
162.0	-37720.49627267604	-221674.2606908703	417677.4984802044	7094.4885313091645	-1951.9625968749317	-23.978386144822046
163.0	-30626.106046710047	-223626.48804188636	417649.5282815633	7094.309370479691	-1952.5004735929347	-31.968642037010994
164.0	-23531.89913195651	-225579.2520154646	417613.5678730111	7094.121879691325	-1953.0358505269403	-39.958858171834436
165.0	-16437.883857884968	-227532.5501110081	417569.6172989465	7093.926059480371	-1953.5687260050818	-47.94902517110866
166.0	-9344.068553786958	-229486.37982628844	417517.67661312805	7093.721910392738	-1954.0990983593408	-55.93913365632162
167.0	-2250.461547824787	-231440.73865739757	417457.74587871344	7093.509432984317	-1954.6269659241093	-63.92917424954063
168.0	4842.92883148609	-233395.62409874215	417389.8251682221	7093.288627820469	-1955.1523270381172	-71.91913757193996
169.0	11936.09425720654	-235351.03364312334	417313.9145635511	7093.059495476619	-1955.6751800421875	-79.9090142457546
170.0	19029.0264021685	-237306.96478162112	417230.0141559937	7092.82203653776	-1956.1955232811486	-87.8987948924342
171.0	26121.716940479644	-239263.4150037187	417138.1240461981	7092.576251598807	-1956.7133551024315	-95.8884701341874
172.0	33214.15754611447	-241220.38179718453	417038.2443442079	7092.322141264285	-1957.228673857334	-103.87803059253646
173.0	40306.33989448368	-243177.86264822225	416930.37516943493	7092.059706148638	-1957.7414778997254	-111.8674668899451
174.0	47398.25566065108	-245135.85504127794	416814.51665067894	7091.78894687592	-1958.2517655873507	-119.85676964794078
175.0	54489.8965215832	-247094.35645931447	416690.66892609163	7091.509864080144	-1958.7595352804203	-127.84592948949994
176.0	61581.25415336469	-249053.3643835046	416558.83214323514	7091.222458404805	-1959.2647853434587	-135.8349370361153
177.0	68672.32023391582	-251012.87629345153	416419.00645903475	7090.926730503446	-1959.7675141431448	-143.8237829106177
178.0	75763.08644130232	-252972.88966716256	416271.19203978754	7090.6226810391645	-1960.2677200502014	-151.81245773547425
179.0	82853.54445437144	-254933.4019809235	416115.38906117005	7090.310310684981	-1960.7654014379368	-159.80095213335292
180.0	89943.68595261266	-256894.4107095052	415951.5977082483	7089.989620123496	-1961.260556683578	-167.7892567270958
181.0	97033.50261634542	-258855.913325971	415779.8181754509	7089.660610047264	-1961.753184166955	-175.77736213980725
182.0	104122.98612629558	-260817.90730181884	415600.0506665888	7089.323281158393	-1962.2432822718001	-183.7652589944963
183.0	111212.12816426379	-262780.39010686305	415412.2953948373	7088.9776341689885	-1962.7308493843107	-191.75293791468673
184.0	118300.92041239148	-264743.35920943966	415216.55258277804	7088.623669800591	-1963.2158838950556	-199.7403895237908
185.0	125389.35455377115	-266706.81207609945	415012.82246234454	7088.261388784796	-1963.6983841967667	-207.7276044455507
186.0	132477.42227203073	-268670.746171917	414801.10527483956	7087.890791862756	-1964.1783486862548	-215.71457330379323
187.0	139565.11525208247	-270635.15896035073	414581.40127096593	7087.511879785501	-1964.655775762943	-223.70128672309514
188.0	146652.42517877894	-272600.04790319	414353.71071079606	7087.1246533136955	-1965.1306638301712	-231.68773532742745
189.0	153739.34373850434	-274565.41046070604	414118.03386374866	7086.729113217891	-1965.6030112939648	-239.6739097417944
190.0	160825.86261788366	-276531.2440915534	413874.37100865773	7086.325260278209	-1966.072816564224	-247.65980059092078
191.0	167911.97350480082	-278497.5462527604	413622.72243370046	7085.913095284752	-1966.5400780533678	-255.64539850025167
192.0	174997.66808733402	-280464.3143998283	413363.0884364622	7085.492619037092	-1967.0047941780406	-263.63069409492937
193.0	182082.93805468886	-282431.5459866504	413095.4693238633	7085.063832344697	-1967.4669633577344	-271.6156780006964
194.0	189167.77509696444	-284399.2384655145	412819.8654122442	7084.626736026803	-1967.9265840150385	-279.6003408436654
195.0	196252.17090521957	-286367.3892871868	412536.2770272547	7084.181330912377	-1968.3836545758847	-287.584673250411
196.0	203336.11717091926	-288335.9959008066	412244.7045039835	7083.727617840076	-1968.8381734698005	-295.5686658473759
197.0	210419.60558650258	-290305.05575399194	411945.1481868656	7083.265597658253	-1969.2901391296275	-303.5523092614793
198.0	217502.62784559606	-292274.5662927608	411637.6084296827	7082.795271225172	-1969.739549991053	-311.5355941203075
199.0	224585.17564235436	-294244.52496160043	411322.0855956266	7082.316639408663	-1970.1864044935405	-319.5185110514626
200.0	231667.24067175045	-296214.92920338165	410998.58005725616	7081.8297030863705	-1970.6307010797098	-327.50105068284125
201.0	238748.81462974133	-298185.7764594882	410667.0921964884	7081.334463145607	-1971.072438195668	-335.48320364282955
202.0	245829.88921341352	-300157.0641696963	410327.62240461423	7080.830920483557	-1971.5116142903669	-343.4649605604174
203.0	252910.45612044292	-302128.7897723088	409980.1710822969	7080.319076006956	-1971.9482278167275	-351.4463120647026
204.0	259990.5070495412	-304100.95070395677	409624.7386395673	7079.798930632457	-1972.382277230348	-359.4272487852528
205.0	267070.03370031214	-306073.54439987475	409261.3254958374	7079.270485286265	-1972.8137609908235	-367.4077613520883
206.0	274149.02777341136	-308046.56829364086	408889.9320798812	7078.733740904463	-1973.2426775603983	-375.3878403957125
207.0	281227.48097017175	-310020.01981738047	408510.5588298328	7078.188698432726	-1973.6690254053494	-383.36747654684285
208.0	288305.3849932652	-311993.89640159765	408123.2061932138	7077.635358826639	-1974.0928029944685	-391.3466604369864
209.0	295382.7315457816	-313968.1954753896	407727.87462690193	7077.073723051227	-1974.5140088010207	-399.32538269761545
210.0	302459.5123322751	-315942.9144661854	407324.5645971452	7076.503792081543	-1974.9326413004935	-407.303633961105
211.0	309535.7190578899	-317918.0507999975	406913.27657956677	7075.925566902143	-1975.3486989725297	-415.2814048599537
212.0	316611.34342935553	-319893.60190130596	406494.0110591296	7075.339048507443	-1975.7621802994975	-423.25868602774136
213.0	323686.37715361663	-321869.5651930319	406066.76853019965	7074.744237901458	-1976.1730837677417	-431.2354680977392
214.0	330760.811939319	-323845.9380966037	405631.5494964903	7074.141136098054	-1976.581407866338	-439.21174170442725
215.0	337834.6394955683	-325822.71803196135	405188.3544710707	7073.529744120673	-1976.9871510883856	-447.1874974822537
216.0	344907.8515331396	-327799.90241750097	404737.18397638254	7072.910063002639	-1977.3903119295237	-455.1627260668149
217.0	351980.4397629051	-329777.48867015145	404278.03854426055	7072.282093786749	-1977.7908888898914	-463.1374180933203
218.0	359052.39589772385	-331755.47420530615	403810.9187158514	7071.645837525771	-1978.1888804718915	-471.1115641984592
219.0	366123.7116509719	-333733.8564369306	403335.8250417171	7071.001295281973	-1978.5842851820873	-479.085155018958
220.0	373194.3787373598	-335712.6327774003	402852.75808173936	7070.348468127518	-1978.9771015297968	-487.05818119234505
221.0	380264.38887245156	-337691.8006377041	402361.7184051769	7069.687357144108	-1979.3673280283651	-495.0306333565497
222.0	387333.7337733108	-339671.3574272969	401862.7065906435	7069.017963423278	-1979.7549631938534	-503.0025021504753
223.0	394402.40515735984	-341651.300554115	401355.7232261507	7068.3402880661815	-1980.1400055463932	-510.9737782128904
224.0	401470.39474407944	-343631.62742466363	400840.7689090123	7067.654332183789	-1980.5224536086782	-518.9444521841294
225.0	408537.69425290916	-345612.3354439639	400317.8442459641	7066.960096896564	-1980.9023059079343	-526.9145147039923
226.0	415604.2954054288	-347593.42201553134	399786.94985305186	7066.257583334928	-1981.2795609736572	-534.8839564139261
227.0	422670.18992400717	-349574.88454154157	399248.0863556897	7065.546792638767	-1981.6542173395567	-542.8527679557121
228.0	429735.36953205866	-351556.7204225024	398701.2543886644	7064.827725957871	-1982.0262735420838	-550.8209399716103
229.0	436799.8259541998	-353538.92705764016	398146.4545961195	7064.100384451541	-1982.3957281217665	-558.7884631046668
230.0	443863.5509163525	-355521.5018446059	397583.68763152283	7063.364769288945	-1982.7625796218867	-566.7553279986885
231.0	450926.5361451845	-357504.4421796317	397012.9541577569	7062.620881648785	-1983.1268265897734	-574.7215252977614
232.0	457988.77336943167	-359487.7454575369	396434.254846983	7061.868722719619	-1983.488467575399	-582.6870456475679
233.0	465050.254317793	-361471.4090716586	395847.59038080636	7061.108293699484	-1983.8475011332619	-590.6518796932443
234.0	472110.97072125267	-363455.4304138714	395252.9614501097	7060.339595796322	-1984.203925820153	-598.6160180817293
235.0	479170.9143114098	-365439.8068746368	394650.36875515175	7059.562630227633	-1984.5577401969479	-606.5794514600924
236.0	486230.0768212158	-367424.5358429962	394039.8130055716	7058.777398220596	-1984.9089428279383	-614.5421704762839
237.0	493288.4499851046	-369409.61470651045	393421.2949203228	7057.9839010121805	-1985.2575322803798	-622.5041657792326
238.0	500346.02553818916	-371395.0408513198	392794.81522773404	7057.182139848919	-1985.6035071255965	-630.4654280180671
239.0	507402.7952175296	-373380.8116621536	392160.37466546235	7056.372115987123	-1985.9468659377144	-638.4259478433877
240.0	514458.7507610246	-375366.92452233937	391517.9739805313	7055.553830692709	-1986.287607294774	-646.3857159061603
241.0	521513.8839078265	-377353.37681372813	390867.6139293059	7054.727285241306	-1986.6257297781221	-654.3447228581033
242.0	528568.1863983762	-379340.16591680923	390209.2952775179	7053.892480918162	-1986.9612319726787	-662.3029593517605
243.0	535621.6499747476	-381327.2892106052	389543.0188001957	7053.049419018327	-1987.2941124663764	-670.2604160408175
244.0	542674.2663797971	-383314.7440727869	388868.78528177063	7052.198100846372	-1987.6243698511998	-678.2170835792813
245.0	549726.0273582994	-385302.52787958505	388186.5955159738	7051.338527716665	-1987.9520027219814	-686.1729526225878
246.0	556776.9246555107	-387290.63800578506	387496.4503059362	7050.470700953147	-1988.2770096776396	-694.1280138261593
247.0	563826.9500188475	-389279.07182482886	386798.3504640764	7049.594621889524	-1988.5993893199213	-702.0822578471265
248.0	570876.0951966419	-391267.8267087678	386092.2968121716	7048.710291869079	-1988.9191402545175	-710.0356753430663
249.0	577924.3519387421	-393256.900028268	385378.2901813482	7047.817712244781	-1989.236261090424	-717.9882569726022
250.0	584971.71199595	-395246.2891525463	384656.33141209127	7046.916884379261	-1989.5507504402747	-725.9399933948031
251.0	592018.1671210944	-397235.9914494625	383926.4213541895	7046.007809644868	-1989.862606919701	-733.8908752703172
252.0	599063.7090679193	-399226.0042855677	383188.5608667871	7045.090489423487	-1990.1718291484326	-741.8408932602604
253.0	606108.3295916012	-401216.32502585533	382442.7508183632	7044.164925106851	-1990.4784157490865	-749.7900380266368
254.0	613152.0204487095	-403206.9510341297	381688.992086767	7043.23111809613	-1990.7823653483406	-757.738300232448
255.0	620194.7733975966	-405197.8796727287	380927.2855591168	7042.289069802327	-1991.0836765757783	-765.6856705419847
256.0	627236.5801975474	-407189.10830264515	380157.63213190687	7041.338781645982	-1991.3823480649094	-773.6321396199921
257.0	634277.4326094033	-409180.63428348885	379380.03271099366	7040.380255057338	-1991.6783784525992	-781.5776981323105
258.0	641317.3223954547	-411172.45497356495	378594.4882115248	7039.413491476226	-1991.971766379361	-789.5223367457802
259.0	648356.2413196253	-413164.5677297227	377800.99955798447	7038.438492352254	-1992.2625104887381	-797.4660461283754
260.0	655394.1811468874	-415156.9699075371	376999.56768421666	7037.455259144518	-1992.5506094283992	-805.408816948679
261.0	662431.1336442651	-417149.6588612115	376190.19353332854	7036.463793321896	-1992.836061848902	-813.3506398768656
262.0	669467.0905795782	-419142.6319435907	375372.87805787544	7035.464096362769	-1993.1188664049084	-821.2915055834219
263.0	676502.0437227619	-421135.88650617143	374547.62221961	7034.456169755301	-1993.3990217540015	-829.2314047405002
264.0	683535.984844776	-423129.41989912186	373714.426989702	7033.440014997204	-1993.6765265577326	-837.170328020819
265.0	690568.9057183939	-425123.2294713132	372873.2933485986	7032.41563359581	-1993.9513794810018	-845.1082660984591
266.0	697600.7981174092	-427117.3125701875	372024.2222861188	7031.383027068135	-1994.2235791924231	-853.0452096480301
267.0	704631.6538179703	-429111.66654194565	371167.21480135433	7030.342196940823	-1994.4931243635974	-860.9811493460733
268.0	711661.4645969325	-431106.2887314388	370302.27190276096	7029.293144750094	-1994.7600136703443	-868.9160758693642
269.0	718690.2222332428	-433101.1764821394	369429.3946080835	7028.235872041914	-1995.024245791356	-876.8499798963016
270.0	725717.9185069874	-435096.32713628863	368548.5839444255	7027.1703803717255	-1995.285819409479	-884.7828521059911
271.0	732744.5452002223	-437091.7380347217	367659.84094817715	7026.09667130473	-1995.5447332104666	-892.7146831790299
272.0	739770.0940962892	-439087.40651703905	366763.1666650728	7025.0147464156535	-1995.8009858840835	-900.6454637968654
273.0	746794.5569802313	-441083.3299215151	365858.56215013604	7023.924607288877	-1996.054576123493	-908.575184642196
274.0	753817.9256385441	-443079.50558508467	364946.0284677303	7022.826255518413	-1996.3055026253794	-916.5038363987002
275.0	760840.1918592907	-445075.9308434173	364025.56669155357	7021.719692707857	-1996.5537640901468	-924.4314097511894
276.0	767861.3474326594	-447072.6030308686	363097.1779045422	7020.604920470468	-1996.7993592212556	-932.3578953861484
277.0	774881.3841495735	-449069.5194804771	362160.86319905246	7019.481940429067	-1997.0422867263637	-940.2832839903301
278.0	781900.2938035126	-451066.67752403533	361216.62367665244	7018.350754216145	-1997.282545316058	-948.2075662526161
279.0	788918.0681889025	-453064.07449205196	360264.460448276	7017.211363473714	-1997.5201337050935	-956.1307328623967
280.0	795934.6991023079	-455061.7077136412	359304.37463415496	7016.063769853537	-1997.7550506110144	-964.0527745106979
281.0	802950.1783413369	-457059.57451682806	358336.36736385117	7014.9079750167675	-1997.9872947560243	-971.9736818892264
282.0	809964.4977059748	-459057.6722281951	357360.43977617775	7013.74398063437	-1998.2168648647926	-979.8934456915503
283.0	816977.6489972351	-461055.99817313044	356376.59301933955	7012.571788386764	-1998.443759666341	-987.8120566118563
284.0	823989.6240184297	-463054.54967571096	355384.8282507418	7011.391399964087	-1998.6679778926327	-995.7295053461744
285.0	831000.4145739528	-465053.32405879686	354385.1466372005	7010.202817065962	-1998.889518279848	-1003.6457825911863
286.0	838010.0124705577	-467052.31864395156	353377.5493547207	7009.0060414017	-1999.108379567102	-1011.5608790454845
287.0	845018.409516017	-469051.53075149935	352362.0375887117	7007.801074690116	-1999.324560497725	-1019.4747854082428
288.0	852025.5975206469	-471050.9577004578	351338.6125338038	7006.587918659723	-1999.5380598178285	-1027.3874923807257
289.0	859031.5682954174	-473050.59680868615	350307.27539402066	7005.366575048462	-1999.7488762782345	-1035.298990664439
290.0	866036.3136540717	-475050.44539270736	349268.0273825649	7004.137045604052	-1999.957008632254	-1043.2092709632077
291.0	873039.8254114276	-477050.5007678622	348220.8697220429	7002.899332083617	-2000.162455637544	-1051.1183239814939
292.0	880042.0953845222	-479050.76024817757	347165.8036442568	7001.653436254044	-2000.3652160547656	-1059.0261404255439
293.0	887043.115391701	-481051.221146527	346102.8303904067	7000.399359891616	-2000.5652886487821	-1066.9327110024842
294.0	894042.8772537427	-483051.8807745073	345031.9512108747	6999.137104782327	-2000.762672187427	-1074.8380264214443
295.0	901041.3727923793	-485052.73644248396	343953.1673654339	6997.866672721678	-2000.9573654427888	-1082.7420773920605
296.0	908038.5938321046	-487053.7854595748	342866.48012304155	6996.588065514815	-2001.1493671897501	-1090.644854626298
297.0	915034.5321981874	-489055.02513378183	341771.8907620738	6995.301284976298	-2001.3386762079092	-1098.5463488365046
298.0	922029.1797184316	-491056.4527717014	340669.4005700855	6994.00633293048	-2001.5252912793912	-1106.4465507370608
299.0	929022.5282221978	-493058.06567890826	339559.010843963	6992.7032112110755	-2001.709211190701	-1114.3454510435547
300.0	936014.5695409568	-495059.86115962034	338440.7228898527	6991.391921661507	-2001.8904347313455	-1122.243040473195
301.0	943005.2955076199	-497061.8365169633	337314.5380232105	6990.072466134645	-2002.068960695064	-1130.1393097442485
302.0	949994.697957281	-499063.98905271525	336180.45756874303	6988.7448464930685	-2002.244787878615	-1138.0342495766959
303.0	956982.7687265143	-501066.31606757746	335038.4828605049	6987.409064608752	-2002.4179150829875	-1145.9278506915982
304.0	963969.4996546238	-503068.8148610642	333888.6152416754	6986.065122363298	-2002.5883411121738	-1153.8201038123498
305.0	970954.8825816687	-505071.4827313442	332730.85606489796	6984.713021647918	-2002.7560647742825	-1161.7109996626027
306.0	977938.9093503319	-507074.31697555305	331565.20669196825	6983.352764363291	-2002.9210848808996	-1169.6005289682805
307.0	984921.571804976	-509077.3148896212	330391.6684940101	6981.984352419609	-2003.0834002473632	-1177.4886824565467
308.0	991902.8617919963	-511080.473768173	329210.24285138026	6980.607787736778	-2003.2430096922453	-1185.3754508561472
309.0	998882.7711594243	-513083.79090478155	328020.93115377054	6979.223072244073	-2003.3999120383426	-1193.26082489708
310.0	1005861.2917578294	-515087.26359180524	326823.7348000159	6977.830207880417	-2003.554106111466	-1201.1447953114534
311.0	1012838.41543902	-517090.88912039576	325618.6551983677	6976.429196594235	-2003.7055907415745	-1209.0273528321811
312.0	1019814.1340570747	-519094.6647806198	324405.693766262	6975.020040343457	-2003.8543647622628	-1216.9084881940685
313.0	1026788.4394683758	-521098.58786124457	323184.85193037585	6973.602741095651	-2004.0004270101326	-1224.7881921337541
314.0	1033761.3235302701	-523102.6556500157	321956.131126772	6972.177300827783	-2004.1437763265742	-1232.6664553884752
315.0	1040732.778103409	-525106.8654334624	320719.53280059283	6970.743721526444	-2004.284411555508	-1240.5432686983506
316.0	1047702.7950493305	-527111.2144969632	319475.0584064012	6969.3020051877065	-2004.4223315453257	-1248.4186228039603
317.0	1054671.3662322743	-529115.7001246901	318222.70940792817	6967.852153817226	-2004.5575351474276	-1256.292508448163
318.0	1061638.4835180652	-531120.3195998019	316962.4872781884	6966.394169430092	-2004.690021217535	-1264.1649163750399
319.0	1068604.1387749196	-533125.0702041646	315694.3934994302	6964.928054051017	-2004.8197886143935	-1272.035837330601
320.0	1075568.3238725732	-535129.9492186145	314418.4295632276	6963.453809714137	-2004.9468362010496	-1279.9052620619984
321.0	1082531.03068349	-537134.9539227374	313134.5969702981	6961.9714384632125	-2005.07116284345	-1287.7731813186779
322.0	1089492.2510813742	-539140.0815951892	311842.8972307015	6960.480942351353	-2005.1927674123071	-1295.6395858509786
323.0	1096451.9769427003	-541145.3295132664	310543.33186370344	6958.982323441354	-2005.311648780913	-1303.5044664115271
324.0	1103410.20014551	-543150.6949533133	309235.9023978148	6957.475583805403	-2005.4278058270472	-1311.3678137541817
325.0	1110366.9125703324	-545156.175190418	307920.61037080444	6955.960725525275	-2005.5412374315263	-1319.2296186348235
326.0	1117322.106099469	-547161.7674987067	306597.4573296744	6954.437750692137	-2005.65194247947	-1327.0898718107665
327.0	1124275.7726175464	-549167.469151024	305266.444830656	6952.906661406807	-2005.7599198591072	-1334.9485640411915
328.0	1131227.9040109166	-551173.2774192272	303927.57443928684	6951.367459779477	-2005.8651684629574	-1342.805686086642
329.0	1138178.4921687425	-553179.1895739625	302580.8477302233	6949.820147929933	-2005.9676871864438	-1350.6612287100393
330.0	1145127.5289813613	-555185.2028849456	301226.2662875088	6948.264727987325	-2006.0674749298064	-1358.5151826751385
331.0	1152075.0063421424	-557191.3146206017	299863.83170427324	6946.701202090432	-2006.1645305958755	-1366.3675387482704
332.0	1159020.9161459617	-559197.5220483926	298493.5455830058	6945.129572387419	-2006.258853091972	-1374.2182876969132
333.0	1165965.250290311	-561203.8224345816	297115.4095353246	6943.549841036033	-2006.3504413285063	-1382.0674202907328
334.0	1172908.000674509	-563210.2130444967	295729.4251821336	6941.962010203382	-2006.4392942202128	-1389.91492730088
335.0	1179849.1592001612	-565216.6911421493	294335.59415358066	6940.36608206623	-2006.5254106849247	-1397.7607995003214
336.0	1186788.7177710722	-567223.253990748	292933.9180889933	6938.762058810605	-2006.6087896447964	-1405.6050276639216
337.0	1193726.6682935762	-569229.898852186	291524.39863689925	6937.149942632199	-2006.6894300249235	-1413.4476025686129
338.0	1200663.0026751584	-571236.6229874503	290107.037455182	6935.529735736057	-2006.7673307552516	-1421.28851499213
339.0	1207597.7128267875	-573243.4236563563	288681.8362107859	6933.901440336761	-2006.8424907682884	-1429.1277557152791
340.0	1214530.7906607725	-575250.2981177373	287248.7965799838	6932.265058658296	-2006.9149090011017	-1436.9653155198419
341.0	1221462.2280922611	-577257.2436292707	285807.92024818057	6930.620592934197	-2006.9845843938374	-1444.801185190027
342.0	1228392.0170379374	-579264.257447646	284359.20891010744	6928.968045407402	-2007.0515158910111	-1452.6353555112087
343.0	1235320.1494174856	-581271.3368284528	282902.6642695693	6927.307418330356	-2007.1157024402441	-1460.4678172713693
344.0	1242246.617152275	-583278.4790263134	281438.28803970583	6925.638713964873	-2007.1771429935052	-1468.2985612598145
345.0	1249171.4121664052	-585285.6812946254	279966.0819427828	6923.96193458237	-2007.2358365057219	-1476.1275782681405
346.0	1256094.5263855818	-587292.9408859992	278486.0477103679	6922.2770824635345	-2007.2917819366703	-1483.9548590892555
347.0	1263015.9517386975	-589300.2550518152	276998.1870830898	6920.584159898632	-2007.3449782487626	-1491.7803945188125
348.0	1269935.6801560193	-591307.621042477	275502.50181093597	6918.883169187353	-2007.3954244089632	-1499.6041753534778
349.0	1276853.703570993	-593315.0361073453	273998.99365296983	6917.174112638798	-2007.4431193873102	-1507.4261923927083
350.0	1283770.0139186385	-595322.4974947358	272487.66437755356	6915.4569925715605	-2007.48806215811	-1515.24643643716
351.0	1290684.6031364724	-597330.0024520056	270968.5157622251	6913.731811313638	-2007.5302516994236	-1523.0648982896307
352.0	1297597.4631648685	-599337.5482254126	269441.54959363735	6911.998571202451	-2007.5696869925343	-1530.8815687553715
353.0	1304508.5859460672	-601345.132060291	267906.7676676881	6910.257274584866	-2007.606367023038	-1538.6964386411669
354.0	1311417.9634245588	-603352.7512008504	266364.17178953154	6908.507923817209	-2007.640290780078	-1546.5094987556229
355.0	1318325.587547339	-605360.4028904017	264813.7637734685	6906.750521265187	-2007.6714572567398	-1554.3207399095354
356.0	1325231.450264071	-607368.0843711479	263255.54544290487	6904.985069303988	-2007.6998654494134	-1562.1301529159527
357.0	1332135.5435262816	-609375.7928843847	261689.51863058005	6903.21157031815	-2007.7255143588561	-1569.9377285894527
358.0	1339037.8592883523	-611383.5256703	260115.6851782857	6901.430026701722	-2007.7484029890063	-1577.7434577470594
359.0	1345938.3895066888	-613391.2799682415	258534.04693708481	6899.640440858059	-2007.7685303481646	-1585.5473312075098
360.0	1352837.126140437	-615399.0530163853	256944.60576716682	6897.8428152000515	-2007.7858954478147	-1593.3493397918526
361.0	1359734.061150869	-617406.8420520436	255347.36353793542	6896.037152149925	-2007.8004973036723	-1601.149474322939
362.0	1366629.1865019288	-619414.6443115568	253742.32212792756	6894.2234541392845	-2007.812334935081	-1608.9477256259377
363.0	1373522.4941595816	-621422.457030222	252129.4834249562	6892.401723609222	-2007.8214073653237	-1616.7440845276406
364.0	1380413.9760928669	-623430.2774423561	250508.84932584804	6890.571963010205	-2007.8277136210052	-1624.5385418575613
365.0	1387303.6242726943	-625438.1027813833	248880.42173675064	6888.734174802053	-2007.8312527331263	-1632.3310884467498
366.0	1394191.4306729846	-627445.9302796694	247244.20257283607	6886.888361454047	-2007.8320237358892	-1640.1217151288768
367.0	1401077.3872694946	-629453.7571686928	245600.19375859486	6885.034525444823	-2007.8300256678874	-1647.910412739111
368.0	1407961.486041049	-631461.5806788667	243948.39722756593	6883.17266926245	-2007.8252575708939	-1655.6971721153038
369.0	1414843.718968601	-633469.3980397619	242288.81492249068	6881.302795404346	-2007.8177184909623	-1663.4819840971122
370.0	1421724.0780358578	-635477.2064799848	240621.44879524288	6879.424906377292	-2007.8074074777537	-1671.2648395265935
371.0	1428602.5552285896	-637485.0032271349	238946.30080695916	6877.539004697504	-2007.7943235849318	-1679.0457292474905
372.0	1435479.142535846	-639492.7855078937	237263.37292774365	6875.645092890553	-2007.7784658694736	-1686.8246441064862
373.0	1442353.8319483711	-641500.5505480135	235572.66713704553	6873.743173491387	-2007.7598333927965	-1694.6015749516048
374.0	1449226.615460089	-643508.2955722446	233874.1854233247	6871.833249044371	-2007.7384252195156	-1702.3765126336857
375.0	1456097.4850669727	-645516.0178045153	232167.92978429125	6869.915322103173	-2007.714240418665	-1710.1494480053004
376.0	1462966.4327681973	-647523.7144677415	230453.90222667123	6867.989395230846	-2007.6872780624838	-1717.9203719218501
377.0	1469833.450564844	-649531.3827839307	228732.10476647748	6866.055470999837	-2007.6575372274792	-1725.6892752402991
378.0	1476698.5304607935	-651539.0199741605	227002.53942882363	6864.113551991955	-2007.62501699385	-1733.45614882006
379.0	1483561.664462655	-653546.6232587073	225265.2082478917	6862.163640798272	-2007.5897164457601	-1741.220983522981
380.0	1490422.8445795712	-655554.1898566997	223520.11326707096	6860.205740019387	-2007.5516346707282	-1748.9837702130033
381.0	1497282.0628230819	-657561.7169865826	221767.25653889182	6858.239852265109	-2007.510770760742	-1756.7444997562177
382.0	1504139.3112076796	-659569.2018657015	220006.64012495894	6856.265980154691	-2007.4671238109795	-1764.50316302125
383.0	1510994.5817502923	-661576.6417107335	218238.2660960434	6854.2841263166	-2007.420692921067	-1772.259750878906
384.0	1517847.8664705267	-663584.0337371868	216462.13653204264	6852.294293388837	-2007.3714771938792	-1780.0142542022415
385.0	1524699.157390571	-665591.3751598701	214678.25352198054	6850.296484018588	-2007.319475736565	-1787.7666638666167
386.0	1531548.4465353081	-667598.6631926363	212886.6191640026	6848.290700862437	-2007.2646876599606	-1795.5169707497355
387.0	1538395.7259321338	-669605.8950484837	211087.2355654107	6846.276946586278	-2007.2071120789064	-1803.2651657314875
388.0	1545240.987611526	-671613.0679394417	209280.10484251945	6844.255223865396	-2007.1467481116304	-1811.011239694482
389.0	1552084.2236061895	-673620.179076728	207465.22912088688	6842.2255353843375	-2007.0835948806616	-1818.7551835232396
390.0	1558925.4259516234	-675627.2256707153	205642.61053514853	6840.187883836983	-2007.017651512374	-1826.4969881047657
391.0	1565764.5866863157	-677634.2049307916	203812.25122897356	6838.142271926594	-2006.9489171365476	-1834.236644328675
392.0	1572601.6978511629	-679641.114065655	201974.15335520584	6836.088702365632	-2006.8773908874227	-1841.9741430867434
393.0	1579436.7514898593	-681647.9502828931	200128.31907582004	6834.027177876053	-2006.8030719024919	-1849.7094752730975
394.0	1586269.739648877	-683654.7107894467	198274.7505618498	6831.9577011889505	-2006.7259593235458	-1857.4426317844195
395.0	1593100.6543772514	-685661.3927912978	196413.44999346317	6829.88027504484	-2006.6460522961124	-1865.1736035195734
396.0	1599929.4877269252	-687667.9934936799	194544.4195599052	6827.794902193449	-2006.5633499697103	-1872.9023813800634
397.0	1606756.2317526399	-689674.5101007812	192667.66145952028	6825.701585393929	-2006.4778514972868	-1880.6289562697784
398.0	1613580.878511657	-691680.9398161587	190783.17789977568	6823.600327414622	-2006.3895560362482	-1888.353319094896
399.0	1620403.4200644735	-693687.2798423679	188890.9710971394	6821.491131033207	-2006.2984627472747	-1896.0754607644512
400.0	1627223.8484736648	-695693.5273812367	186991.0432773492	6819.373999036678	-2006.2045707955313	-1903.795372189257
401.0	1634042.155805409	-697699.6796336779	185083.39667500404	6817.248934221302	-2006.1078793494523	-1911.5130442834206
402.0	1640858.3341281835	-699705.7337998552	183168.0335339266	6815.115939392583	-2006.008387581788	-1919.2284679630252
403.0	1647672.375513143	-701711.6870790096	181244.95610706834	6812.975017365431	-2005.9060946690336	-1926.941634146486
404.0	1654484.2720344425	-703717.5366696722	179314.16665638884	6810.82617096393	-2005.8009997917304	-1934.6525337549576
405.0	1661294.0157695548	-705723.2797694718	177375.66745282453	6808.66940302144	-2005.693102133813	-1942.3611577125685
406.0	1668101.5987978172	-707728.9135752502	175429.4607766277	6806.504716380673	-2005.5824008837299	-1950.067496944991
407.0	1674907.0132023296	-709734.4352830052	173475.5489168727	6804.332113893566	-2005.4688952332342	-1957.7715423813556
408.0	1681710.251068499	-711739.8420880602	171513.93417186628	6802.151598421272	-2005.352584378531	-1965.473284952833
409.0	1688511.3044848265	-713745.1311847132	169544.61884892063	6799.963172834344	-2005.2334675191667	-1973.172715593295
410.0	1695310.1655425895	-715750.2997666518	167567.6052644431	6797.766840012446	-2005.1115438589877	-1980.8698252391437
411.0	1702106.8263359838	-717755.3450267059	165582.8957438764	6795.56260284459	-2004.9868126056224	-1988.564604829388
412.0	1708901.2789620045	-719760.2641569686	163590.4926217397	6793.350464228988	-2004.8592729707336	-1996.2570453055419
413.0	1715693.515520677	-721765.0543485528	161590.39824163017	6791.130427073221	-2004.728924169462	-2003.9471376117742
414.0	1722483.5281150427	-723769.7127921092	159582.6149561013	6788.902494293881	-2004.595765421397	-2011.6348726950916
415.0	1729271.3088507848	-725774.2366771526	157567.14512688603	6786.666668817108	-2004.459795949507	-2019.3202415047012
416.0	1736056.8498365725	-727778.623192725	155543.99112472625	6784.422953578032	-2004.3210149812192	-2027.003234992607
417.0	1742840.1431844437	-729782.8695269162	153513.15532930288	6782.171351521129	-2004.1794217472936	-2034.6838441138373
418.0	1749621.1810088214	-731786.9728671131	151474.64012949157	6779.911865600095	-2004.035015482842	-2042.3620598255088
419.0	1756399.955427169	-733790.9303999022	149428.44792319287	6777.6444987779005	-2003.8877954267775	-2050.0378730874695
420.0	1763176.4585601483	-735794.7393112392	147374.58111726516	6775.369254026628	-2003.7377608220393	-2057.7112748625345
421.0	1769950.682531374	-737798.3967860942	145313.04212764022	6773.08613432772	-2003.5849109150581	-2065.382256116082
422.0	1776722.6194672554	-739801.9000089299	143243.83337929053	6770.795142671717	-2003.4292449567836	-2073.0508078160838
423.0	1783492.2614975288	-741805.2461632644	141166.9573061837	6768.49628205846	-2003.2707622014939	-2080.716920933483
424.0	1790259.6007544543	-743808.4324320257	139082.41635139682	6766.189555496961	-2003.1094619079904	-2088.3805864415
425.0	1797024.6293737981	-745811.4559972468	136990.21296692814	6763.874966005491	-2002.9453433384244	-2096.0417953165334
426.0	1803787.3394939848	-747814.3140403503	134890.34961389477	6761.552516611474	-2002.7784057592944	-2103.7005385373764
427.0	1810547.7232567915	-749817.0037420338	132782.8287623222	6759.222210351509	-2002.608648440905	-2111.356807085919
428.0	1817305.772806536	-751819.5222821366	130667.65289142146	6756.884050271541	-2002.4360706575112	-2119.0105919462326
429.0	1824061.480291045	-753821.8668399672	128544.8244892804	6754.538039426489	-2002.2606716874086	-2126.6618841056984
430.0	1830814.8378611389	-755824.0345938783	126414.3460530095	6752.184180880695	-2002.0824508124492	-2134.310674554328
431.0	1837565.8376705088	-757826.0227217474	124276.2200887833	6749.822477707497	-2001.9014073189624	-2141.9569542848017
432.0	1844314.4718763991	-759827.8284005737	122130.44911166164	6747.4529329895	-2001.7175404966647	-2149.6007142930257
433.0	1851060.7326382077	-761829.4488066956	119977.03564594057	6745.075549818581	-2001.5308496398338	-2157.241945576781
434.0	1857804.6121195396	-763830.8811156615	117815.98222466867	6742.690331295669	-2001.3413340458972	-2164.880639137758
435.0	1864546.1024861813	-765832.1225026124	115647.29139006417	6740.297280530837	-2001.1489930173075	-2172.516785979657
436.0	1871285.195907679	-767833.1701416313	113470.9656932248	6737.896400643465	-2000.953825859434	-2180.150377109544
437.0	1878021.8845562025	-769834.0212063494	111287.00769435713	6735.487694762014	-2000.7558318823483	-2187.781403536903
438.0	1884756.1606076872	-771834.6728695829	109095.41996247263	6733.071166024097	-2000.5550103994497	-2195.409856274686
439.0	1891488.0162403416	-773835.1223035287	106896.2050758219	6730.646817576574	-2000.3513607287523	-2203.035726337855
440.0	1898217.4436364921	-775835.3666796584	104689.3656213744	6728.214652575339	-2000.1448821915703	-2210.659004745218
441.0	1904944.4349807976	-777835.403168861	102474.90419529413	6725.774674185525	-1999.9355741138315	-2218.2796825176742
442.0	1911668.982461724	-779835.228941123	100252.82340257947	6723.326885581433	-1999.7234358246608	-2225.8977506795827
443.0	1918391.078270193	-781834.8411661244	98023.12585733965	6720.871289946424	-1999.5084666582015	-2233.5132002576183
444.0	1925110.7146012266	-783834.2370125658	95785.81418246351	6718.407890473023	-1999.2906659515158	-2241.1260222822034
445.0	1931827.8836520785	-785833.4136486403	93540.89101005672	6715.9366903629825	-1999.0700330464067	-2248.736207785743
446.0	1938542.5776241228	-787832.3682417963	91288.35898093123	6713.457692827069	-1998.8465672880243	-2256.343747804513
447.0	1945254.788721263	-789831.0979589662	89028.22074503935	6710.970901085226	-1998.620268026113	-2263.9486333770847
448.0	1951964.5091510427	-791829.5999662338	86760.47896122443	6708.476318366573	-1998.3911346138	-2271.5508555453384
449.0	1958671.7311237776	-793827.8714292296	84485.13629737479	6705.973947909299	-1998.1591664087755	-2279.150405353739
450.0	1965376.4468538489	-795825.9095127713	82202.19543009752	6703.4637929607115	-1997.9243627719911	-2286.7472738505244
451.0	1972078.6485578376	-797823.7113812962	79911.65904526511	6700.945856777215	-1997.686723069394	-2294.3414520859355
452.0	1978778.3284563827	-799821.274198282	77613.52983748767	6698.4201426244235	-1997.4462466699167	-2301.9329311139236
453.0	1985475.4787729369	-801818.5951268566	75307.81051040668	6695.886653776945	-1997.2029329471952	-2309.5217019910865
454.0	1992170.0917348214	-803815.6713293542	72994.50377648242	6693.345393518499	-1996.9567812782539	-2317.107755777595
455.0	1998862.1595716693	-805812.4999675367	70673.61235736596	6690.796365142057	-1996.7077910447522	-2324.6910835356916
456.0	2005551.674517464	-807809.0782025352	68345.1389833446	6688.239571949498	-1996.4559616317067	-2332.271676331722
457.0	2012238.6288087524	-809805.40319497	66009.08639385772	6685.675017251864	-1996.2012924287405	-2339.849525234378
458.0	2018923.014685923	-811801.4721046016	63665.457337118394	6683.102704369358	-1995.9437828287296	-2347.4246213158713
459.0	2025604.8243919876	-813797.282090954	61314.25457047403	6680.52263663115	-1995.6834322296093	-2354.99695565091
460.0	2032284.0501741688	-815792.8303126283	58955.48085994419	6677.934817375548	-1995.4202400322504	-2362.5665193180666
461.0	2038960.6842821932	-817788.1139277983	56589.13898070203	6675.339249949973	-1995.1542056423025	-2370.133303398235
462.0	2045634.7189699744	-819783.1300939657	54215.231716602226	6672.735937710826	-1994.8853284687857	-2377.697298976226
463.0	2052306.146493961	-821777.8759681187	51833.76186064718	6670.1248840236685	-1994.6136079253804	-2385.258497139177
464.0	2058974.95911462	-823772.3487065258	49444.73221457447	6667.506092263116	-1994.3390434291487	-2392.8168889779677
465.0	2065641.1490954496	-825766.5454650265	47048.1455891268	6664.87956581279	-1994.0616344016098	-2400.3724655863098
466.0	2072304.7087034688	-827760.4633988389	44644.004803881864	6662.245308065396	-1993.7813802681637	-2407.925218061199
467.0	2078965.6302089232	-829754.0996625447	42232.31268744008	6659.603322422739	-1993.4982804582237	-2415.4751375025958
468.0	2085623.9058855777	-831747.4514102992	39813.072077178804	6656.953612295609	-1993.2123344053784	-2423.022215013808
469.0	2092279.528010855	-833740.5157954795	37386.28581937513	6654.296181103867	-1992.9235415467683	-2430.566441701494
470.0	2098932.4888651017	-835733.2899711188	34951.956769299286	6651.6310322764275	-1992.6319013241841	-2438.1078086750786
471.0	2105582.780732538	-837725.7710894868	32510.087790991296	6648.958169251286	-1992.3374131828411	-2445.646307047567
472.0	2112230.3959005405	-839717.9563025231	30060.681757479324	6646.277595475344	-1992.0400765725435	-2453.1819279349675
473.0	2118875.3266602536	-841709.8427614081	27603.741550560808	6643.5893144046495	-1991.7398909465705	-2460.714662456767
474.0	2125517.565305917	-843701.4276169096	25139.270061025803	6640.893329504246	-1991.436855762655	-2468.2445017353625
475.0	2132157.1041354844	-845692.708019237	22667.270188467985	6638.189644248166	-1991.1309704824212	-2475.7714368966463
476.0	2138793.9354500948	-847683.6811180743	20187.744841435633	6635.478262119526	-1990.822234571695	-2483.295459069474
477.0	2145428.0515548885	-849674.344062468	17700.696937203	6632.759186610396	-1990.5106474998668	-2490.8165593864464
478.0	2152059.44475789	-851664.6940010823	15206.129402098246	6630.032421221895	-1990.196208740963	-2498.3347289828876
479.0	2158688.1073713405	-853654.7280819314	12704.045171068865	6627.297969464094	-1989.8789177724723	-2505.8499589980847
480.0	2165314.031710108	-855644.4434526046	10194.447188242048	6624.555834856181	-1989.5587740765186	-2513.3622405737533
481.0	2171937.2100935075	-857633.837260088	7677.338406263269	6621.806020926206	-1989.2357771386717	-2520.8715648558336
482.0	2178557.6348437793	-859622.9066509372	5152.721786844428	6619.048531211279	-1988.9099264489719	-2528.377922992987
483.0	2185175.298286864	-861611.6487711584	2620.6003005169914	6616.2833692575105	-1988.5812215013955	-2535.8813061373758
484.0	2191790.192752188	-863600.0607663332	80.97692662687041	6613.510538619961	-1988.2496617941076	-2543.3817054444426
485.0	2198402.310572941	-865588.1397813265	-2466.1453466247767	6610.730042862741	-1987.9152468288617	-2550.879112073133
486.0	2205011.6440855255	-867575.8829607698	-5020.763522169436	6607.941885558891	-1987.5779761120998	-2558.373517185472
487.0	2211618.185630552	-869563.2874486139	-7582.874594245106	6605.1460702903605	-1987.2378491536665	-2565.8649119474435
488.0	2218221.9275513715	-871550.3503884505	-10152.475547999842	6602.342600648201	-1986.894865468116	-2573.353287527592
489.0	2224822.862195719	-873537.0689232419	-12729.563360020751	6599.531480232347	-1986.5490245734327	-2580.8386350986175
490.0	2231420.9819143787	-875523.4401956857	-15314.134997877758	6596.712712651681	-1986.200325992268	-2588.3209458361243
491.0	2238016.2790622064	-877509.4613476722	-17906.18742045213	6593.886301524127	-1985.8487692506046	-2595.800210919485
492.0	2244608.7459970852	-879495.1295210826	-20505.717577659292	6591.052250476446	-1985.494353879506	-2603.2764215310667
493.0	2251198.3750811815	-881480.4418568881	-23112.722410742776	6588.210563144426	-1985.1370794130708	-2610.749568857163
494.0	2257785.1586796027	-883465.3954958539	-25727.19885195978	6585.361243172847	-1984.776945390245	-2618.219644086895
495.0	2264369.0891619176	-885449.9875781476	-28349.14382500178	6582.504294215297	-1984.413951353398	-2625.6866384136383
496.0	2270950.1589006456	-887434.2152436441	-30978.55424454331	6579.639719934388	-1984.0480968495995	-2633.150543033553
497.0	2277528.3602725165	-889418.075631558	-33615.42701659305	6576.767524001635	-1983.6793814293815	-2640.611349146756
498.0	2284103.6856574076	-891401.5658808714	-36259.75903823739	6573.887710097506	-1983.3078046479604	-2648.069047956412
499.0	2290676.1274395995	-893384.6831298806	-38911.54719798011	6571.000281911347	-1982.933366063887	-2655.5236306698
500.0	2297245.678005955	-895367.4245167444	-41570.78837516019	6568.105243141511	-1982.5560652408246	-2662.975088496701
501.0	2303812.329748148	-897349.7871788815	-44237.47944069444	6565.20259749518	-1982.1759017454795	-2670.423412651435
502.0	2310376.0750609366	-899331.7682535527	-46911.61725654325	6562.292348688463	-1981.7928751493969	-2677.868594351306
503.0	2316936.906343205	-901313.3648773353	-49593.198675960535	6559.374500446382	-1981.4069850275819	-2685.3106248174804
504.0	2323494.81599717	-903294.5741865593	-52282.220543347765	6556.449056502892	-1981.0182309596066	-2692.749495274331
505.0	2330049.7964288653	-905275.393317142	-54978.67969432764	6553.516020600807	-1980.6266125291186	-2700.185196949875
506.0	2336601.840048344	-907255.8194044875	-57682.57295584865	6550.575396491817	-1980.2321293235439	-2707.617721075949
507.0	2343150.9392694165	-909235.8495835103	-60393.89714608784	6547.627187936575	-1979.834780934288	-2715.0470588879375
508.0	2349697.0865090853	-911215.4809889928	-63112.64907427749	6544.671398704575	-1979.434566957572	-2722.473201624328
509.0	2356240.2741886447	-913194.7107551973	-65838.82554107741	6541.708032574137	-1979.0314869932363	-2729.896140527708
510.0	2362780.494733096	-915173.53601579	-68572.42333832197	6538.7370933326	-1978.6255406449945	-2737.3158668441138
511.0	2369317.740571096	-917151.9539043535	-71313.43924909434	6535.758584776015	-1978.2167275211834	-2744.732371823194
512.0	2375852.0041354033	-919129.9615538213	-74061.87004780362	6532.772510709386	-1977.8050472336795	-2752.1456467184294
513.0	2382383.277862158	-921107.556096965	-76817.71249998116	6529.778874946555	-1977.390499399057	-2759.555682786606
514.0	2388911.554191615	-923084.7346659079	-79580.96336249867	6526.77768131029	-1976.9730836374074	-2766.9624712883497
515.0	2395436.8255679035	-925061.4943926786	-82351.61938354466	6523.768933632058	-1976.552799573333	-2774.3660034881177
516.0	2401959.084438601	-927037.8324087257	-85129.6773023936	6520.752635752369	-1976.1296468354533	-2781.7662706535657
517.0	2408478.3232553843	-929013.7458452969	-87915.13384970813	6517.72879152045	-1975.703625056607	-2789.163264056359
518.0	2414994.5344741335	-930989.2318331017	-90707.98574755108	6514.697404794347	-1975.2747338733034	-2796.556974972149
519.0	2421507.7105538053	-932964.2875026236	-93508.22970895201	6511.658479441069	-1974.842972926764	-2803.947394679536
520.0	2428017.8439580174	-934938.9099838543	-96315.86243852659	6508.61201933634	-1974.4083418617397	-2811.334514461601
521.0	2434524.9271536972	-936913.0964066354	-99130.88063199248	6505.558028364753	-1973.9708403276754	-2818.718325604649
522.0	2441028.952612052	-938886.8439002023	-101953.28097644262	6502.496510419755	-1973.5304679775563	-2826.0988193990156
523.0	2447529.91280793	-940860.1495936448	-104783.06015019538	6499.42746940355	-1973.0872244689126	-2833.4759871385913
524.0	2454027.8002201696	-942833.0106156515	-107620.2148229091	6496.3509092272	-1972.6411094632733	-2840.849820121102
525.0	2460522.6073313076	-944805.4240946043	-110464.74165545357	6493.2668338106	-1972.1921226264212	-2848.2203096478206
526.0	2467014.326628446	-946777.3871584474	-113316.6373002145	6490.175247082327	-1971.7402636278039	-2855.5874470244225
527.0	2473502.9506018176	-948748.8969349498	-116175.89840063301	6487.0761529799165	-1971.2855321416255	-2862.951223559604
528.0	2479988.4717462417	-950719.9505513697	-119042.52159165835	6483.969555449606	-1970.8279278456127	-2870.311630566442
529.0	2486470.882559982	-952690.5451348568	-121916.50349937158	6480.855458446439	-1970.367450422184	-2877.668659361402
530.0	2492950.1755458657	-954660.677812065	-124797.8407414367	6477.733865934211	-1969.9040995573362	-2885.0223012653114
531.0	2499426.343210013	-956630.3457094198	-127686.52992653497	6474.604781885607	-1969.4378749416344	-2892.3725476021577
532.0	2505899.37806288	-958599.5459530326	-130582.56765483588	6471.468210282008	-1968.968776269612	-2899.7193897001507
533.0	2512369.272618853	-960568.2756688013	-133485.95051783323	6468.324155113529	-1968.4968032400886	-2907.062818891325
534.0	2518836.019396406	-962536.5319820759	-136396.675098342	6465.172620379168	-1968.0219555556146	-2914.402826511569
535.0	2525299.6109177168	-964504.3120181863	-139314.73797044833	6462.013610086611	-1967.5442329234234	-2921.7394039004403
536.0	2531760.039709574	-966471.612901974	-142240.13569978054	6458.847128252245	-1967.0636350543082	-2929.07254240193
537.0	2538217.2983020567	-968438.431758163	-145172.8648430556	6455.673178901333	-1966.5801616638196	-2936.4022333632265
538.0	2544671.3792297887	-970404.765710969	-148112.9219485002	6452.491766067862	-1966.0938124710578	-2943.7284681358683
539.0	2551122.2750312597	-972370.6118845446	-151060.30355566693	6449.302893794477	-1965.6045871996807	-2951.0512380752093
540.0	2557569.978248884	-974335.9674026608	-154015.00619539758	6446.106566132687	-1965.1124855773817	-2958.3705345403537
541.0	2564014.481429241	-976300.8293889253	-156977.02638996136	6442.902787142614	-1964.6175073361226	-2965.686348894511
542.0	2570455.77712322	-978265.1949664843	-159946.3606530415	6439.691560893171	-1964.119652211586	-2972.9986725049885
543.0	2576893.8578853663	-980229.0612583663	-162923.00548956497	6436.472891462018	-1963.6189199440535	-2980.307496742693
544.0	2583328.716274537	-982192.4253874226	-165906.9573959288	6433.246782935452	-1963.1153102779333	-2987.612812982752
545.0	2589760.344853559	-984155.2844760311	-168898.2128598264	6430.013239408622	-1962.6088229615443	-2994.9146126040664
546.0	2596188.736189509	-986117.635646339	-171896.76836038148	6426.772264985319	-1962.0994577473284	-3002.212886989675
547.0	2602613.8828536733	-988079.4760204013	-174902.62036819756	6423.523863777975	-1961.5872143920324	-3009.507627526789
548.0	2609035.7774209315	-990040.8027201421	-177915.76534503908	6420.268039907762	-1961.0720926569804	-3016.7988256061058
549.0	2615454.412470899	-992001.6128668655	-180936.19974427077	6417.004797504613	-1960.5540923068281	-3024.086472622853
550.0	2621869.7805868043	-993961.9035819736	-183963.92001049733	6413.734140707135	-1960.0332131111038	-3031.3705599758455
551.0	2628281.8743565315	-995921.6719863969	-186998.9225798807	6410.45607366257	-1959.5094548429176	-3038.651079068379
552.0	2634690.686371769	-997880.915201121	-190041.20387988817	6407.1706005268015	-1958.9828172800862	-3045.928021307552
553.0	2641096.2092284253	-999839.6303465567	-193090.76032938878	6403.8777254646	-1958.453300204108	-3053.2013781044484
554.0	2647498.435526645	-1001797.8145432952	-196147.5883387432	6400.577452649128	-1957.9209034011185	-3060.471140874419
555.0	2653897.357870939	-1003755.4649112807	-199211.68430971203	6397.269786262409	-1957.3856266607759	-3067.737301036942
556.0	2660292.968869169	-1005712.5785707021	-202283.04463523708	6393.954730495158	-1956.8474697779059	-3074.999850014887
557.0	2666685.2611346045	-1007669.1526412	-205361.6657001234	6390.632289546549	-1956.3064325504693	-3082.2587792363483
558.0	2673074.2272838173	-1009625.1842424483	-208447.54388026393	6387.302467624557	-1955.762514781342	-3089.514080132675
559.0	2679459.8599380245	-1011580.6704936731	-211540.67554312956	6383.965268945808	-1955.2157162770104	-3096.765744139688
560.0	2685842.151722357	-1013535.6085141804	-214641.05704753124	6380.620697735533	-1954.666036848698	-3104.0137626971377
561.0	2692221.0952666923	-1015489.9954228769	-217748.6847439364	6377.268758227542	-1954.113476311222	-3111.2581272493517
562.0	2698596.6832043207	-1017443.8283386277	-220863.55497389194	6373.909454664472	-1953.5580344841933	-3118.498829244019
563.0	2704968.9081737455	-1019397.1043799054	-223985.66407080193	6370.542791297388	-1952.9997111906573	-3125.735860133894
564.0	2711337.7628168045	-1021349.8206654345	-227115.00835918623	6367.168772386057	-1952.4385062588312	-3132.9692113751244
565.0	2717703.239780422	-1023301.9743133192	-230251.58415530133	6363.787402198828	-1951.87441952014	-3140.1988744287023
566.0	2724065.331715063	-1025253.5624417653	-233395.3877666085	6360.39868501276	-1951.3074508109046	-3147.424840759175
567.0	2730424.031276207	-1027204.5821686564	-236546.41549230157	6357.002625113373	-1950.7375999710528	-3154.6471018359653
568.0	2736779.3311227644	-1029155.0306118485	-239704.66362272343	6353.5992267950105	-1950.164866845294	-3161.8656491318957
569.0	2743131.2239187113	-1031104.9048888781	-242870.1284399703	6350.188494360429	-1949.5892512819496	-3169.0804741247134
570.0	2749479.702332082	-1033054.2021174473	-246042.80621759035	6346.770432120907	-1949.010753134043	-3176.291568296269
571.0	2755824.759035174	-1035002.919414618	-249222.69322048873	6343.345044396606	-1948.4293722581947	-3183.498923132424
572.0	2762166.386704317	-1036951.0538979042	-252409.78570503322	6339.912335516028	-1947.8451085161187	-3190.702530123203
573.0	2768504.5780208064	-1038898.6026841765	-255604.07991928793	6336.472309816322	-1947.257961772757	-3197.902380763358
574.0	2774839.3256697324	-1040845.5628905199	-258805.57210261445	6333.024971643214	-1946.6679318979668	-3205.0984665514798
575.0	2781170.622340831	-1042791.9316335702	-262014.2584859552	6329.570325351066	-1946.075018765245	-3212.2907789906226
576.0	2787498.4607280674	-1044737.7060302016	-265230.1352917771	6326.108375302646	-1945.4792222528167	-3219.47930958814
577.0	2793822.833529863	-1046682.8831967926	-268453.19873402035	6322.639125869479	-1944.880542242609	-3226.664049855656
578.0	2800143.73344896	-1048627.4602500005	-271683.4450181797	6319.162581431423	-1944.2789786212236	-3233.8449913091727
579.0	2806461.153192717	-1050571.4343059189	-274920.8703413005	6315.678746377049	-1943.6745312788382	-3241.0221254690973
580.0	2812775.0854721414	-1052514.8024810413	-278165.4708916934	6312.1876251034655	-1943.067200110799	-3248.1954438595944
581.0	2819085.5230035093	-1054457.5618912918	-281417.2428495139	6308.689222016271	-1942.4569850156738	-3255.3649380099
582.0	2825392.4585072454	-1056399.7096528234	-284676.1823863904	6305.183541529505	-1941.8438858967663	-3262.5305994534388
583.0	2831695.8847077987	-1058341.242881591	-287942.2856652797	6301.670588065925	-1941.2279026616382	-3269.6924197275735
584.0	2837995.79433449	-1060282.1586933704	-291215.5488408769	6298.15036605671	-1940.6090352217589	-3276.8503903744577
585.0	2844292.1801211927	-1062222.4542038962	-294495.96805947484	6294.622879941488	-1939.9872834928033	-3284.0045029407715
586.0	2850585.034805593	-1064162.1265288475	-297783.5394586327	6291.088134168616	-1939.3626473949735	-3291.15474897695
587.0	2856874.3511303593	-1066101.1727839564	-301078.25916772196	6287.546133194682	-1938.7351268526243	-3298.3011200384235
588.0	2863160.1218426977	-1068039.5900845076	-304380.12330765487	6283.996881484958	-1938.1047217938146	-3305.443607684983
589.0	2869442.339693577	-1069977.3755462314	-307689.12799065793	6280.440383513195	-1937.4714321517874	-3312.5822034803055
590.0	2875720.9974392215	-1071914.5262843021	-311005.2693207953	6276.876643761624	-1936.8352578630343	-3319.716898993127
591.0	2881996.0878399536	-1073851.0394142196	-314328.5433936012	6273.305666720867	-1936.1961988689245	-3326.847685796367
592.0	2888267.603660764	-1075786.9120510826	-317658.94629619503	6269.727456890175	-1935.5542551145431	-3333.974555467455
593.0	2894535.537670895	-1077722.141310268	-320996.47410723194	6266.142018777192	-1934.9094265497217	-3341.0974995881543
594.0	2900799.882644597	-1079656.7243068335	-324341.1228971153	6262.549356897978	-1934.261713127951	-3348.2165097451134
595.0	2907060.6313598515	-1081590.6581559828	-327692.88872750825	6258.9494757772545	-1933.6111148075486	-3355.3315775287233
596.0	2913317.776600184	-1083523.9399726521	-331051.76765210764	6255.342379947941	-1932.957631550295	-3362.4426945348287
597.0	2919571.311152572	-1085456.5668721478	-334417.75571575435	6251.728073951615	-1932.3012633232167	-3369.5498523628266
598.0	2925821.2278093775	-1087388.5359692802	-337790.8489552336	6248.106562338221	-1931.6420100965954	-3376.653042617313
599.0	2932067.5193669503	-1089319.8443791713	-341171.04339869716	6244.477849666205	-1930.9798718456236	-3383.7522569069624
600.0	2938310.178626715	-1091250.489216649	-344558.33506610873	6240.841940502358	-1930.3148485491581	-3390.847486845406
601.0	2944549.198394322	-1093180.4675968532	-347952.7199689767	6237.198839421903	-1929.646940190842	-3397.938724050586
602.0	2950784.5714800498	-1095109.7766345032	-351354.194110326	6233.548551008672	-1928.9761467580524	-3405.0259601449184
603.0	2957016.2906987993	-1097038.4134447197	-354762.75348493666	6229.8910798546685	-1928.3024682428593	-3412.1091867555615
604.0	2963244.3488704255	-1098966.3751422176	-358178.3940793043	6226.226430560426	-1927.6259046409484	-3419.1883955144813
605.0	2969468.738818384	-1100893.6588421487	-361601.11187115125	6222.554607735013	-1926.946455953193	-3426.2635780573537
606.0	2975689.4533718284	-1102820.2616592408	-365030.90283029247	6218.875615995721	-1926.2641221837343	-3433.3347260254136
607.0	2981906.485363971	-1104746.180708588	-368467.76291796495	6215.189459968281	-1925.5789033416136	-3440.401831064066
608.0	2988119.8276328286	-1106671.413104931	-371911.6880870857	6211.496144286915	-1924.8907994396127	-3447.4648848233696
609.0	2994329.4730209666	-1108595.9559634263	-375362.6742822558	6207.795673594098	-1924.1998104952547	-3454.523878958077
610.0	3000535.4143758067	-1110519.8063988765	-378820.71743975324	6204.088052540767	-1923.5059365297861	-3461.578805127651
611.0	3006737.6445489265	-1112442.9615263934	-382285.81348732533	6200.37328578631	-1922.8091775692485	-3468.629654995791
612.0	3012936.156397417	-1114365.4184608283	-385757.9583447657	6196.651377998284	-1922.1095336432065	-3475.6764202316403
613.0	3019130.9427820006	-1116287.1743175169	-389237.1479230921	6192.922333852817	-1921.4070047864625	-3482.7190925080927
614.0	3025321.996568828	-1118208.2262112908	-392723.3781252948	6189.186158034356	-1920.7015910371204	-3489.7576635032988
615.0	3031509.3106284183	-1120128.5712574609	-396216.64484591945	6185.442855235618	-1919.9932924381621	-3496.7921248999364
616.0	3037692.8778363094	-1122048.2065710686	-399716.9439713487	6181.692430157701	-1919.2821090363052	-3503.8224683855824
617.0	3043872.6910722647	-1123967.1292674681	-403224.2713794331	6177.934887510119	-1918.568040883067	-3510.8486856521495
618.0	3050048.743221214	-1125885.336461789	-406738.6229398961	6174.170232010663	-1917.8510880336637	-3517.8707683966086
619.0	3056221.0271724914	-1127802.8252695398	-410259.99451408675	6170.398468385447	-1917.1312505480885	-3524.888708320475
620.0	3062389.535820493	-1129719.5928058666	-413788.38195509603	6166.619601368977	-1916.4085284899484	-3531.9024971301733
621.0	3068554.2620638395	-1131635.636186462	-417323.7811076082	6162.833635704064	-1915.6829219278877	-3538.91212653655
622.0	3074715.198806249	-1133550.952526878	-420866.187808112	6159.040576141793	-1914.9544309344064	-3545.9175882554514
623.0	3080872.33895623	-1135465.5389425345	-424415.59788482916	6155.240427441656	-1914.2230555860115	-3552.9188740075074
624.0	3087025.6754269167	-1137379.3925493108	-427972.0071576792	6151.433194371301	-1913.4887959639505	-3559.9159755180826
625.0	3093175.2011364102	-1139292.5104628182	-431535.4114383606	6147.618881706807	-1912.751652153258	-3566.908884517431
626.0	3099320.9090071837	-1141204.8897990389	-435105.80653013545	6143.797494232539	-1912.0116242437207	-3573.8975927402817
627.0	3105462.7919671116	-1143116.5276738154	-438683.18822829006	6139.969036741028	-1911.2687123288583	-3580.8820919267177
628.0	3111600.8429483874	-1145027.4212032557	-442267.55231962027	6136.133514033211	-1910.522916506853	-3587.8623738212254
629.0	3117735.054887936	-1146937.5675034584	-445858.8945826194	6132.290930918388	-1909.774236880057	-3594.838430172986
630.0	3123865.4207278606	-1148846.9636908118	-449457.21078775986	6128.4412922138745	-1909.022673555145	-3601.8102527364913
631.0	3129991.9334150115	-1150755.6068814974	-453062.4966971718	6124.584602745456	-1908.2682266427041	-3608.7778332708745
632.0	3136114.585900772	-1152663.4941921355	-456674.7480646344	6120.720867347135	-1907.5108962581178	-3615.7411635399408
633.0	3142233.3711417937	-1154570.6227391623	-460293.9606358856	6116.850090861138	-1906.7506825204864	-3622.700235312712
634.0	3148348.2820992162	-1156476.9896394582	-463920.1301482988	6112.972278137931	-1905.9875855537086	-3629.655040362834
635.0	3154459.311739271	-1158382.592009684	-467553.2523310834	6109.087434036319	-1905.2216054854566	-3636.605570468962
636.0	3160566.4530328615	-1160287.4269668828	-471193.32290517143	6105.195563423279	-1904.452742448037	-3643.55181741455
637.0	3166669.698955981	-1162191.4916281854	-474840.3375833975	6101.296671173945	-1903.6809965778755	-3650.4937729881685
638.0	3172769.042489036	-1164094.7831108402	-478494.2920701145	6097.390762171898	-1902.9063680158686	-3657.431428982828
639.0	3178864.4766181284	-1165997.2985321525	-482155.1820619181	6093.477841308645	-1902.1288569066965	-3664.364777197262
640.0	3184955.994333409	-1167899.0350097585	-485823.0032467586	6089.557913484184	-1901.348463399931	-3671.2938094343467
641.0	3191043.588630603	-1169799.9896612014	-489497.7513047154	6085.63098360653	-1900.565187648826	-3678.218517502518
642.0	3197127.2525097677	-1171700.1596044465	-493179.42190742074	6081.697056592054	-1899.7790298114796	-3685.138893214658
643.0	3203206.9789765384	-1173599.5419573896	-496868.0107186141	6077.756137365123	-1898.9899900496875	-3692.0549283892124
644.0	3209282.7610407863	-1175498.1338381977	-500563.513393536	6073.808230858573	-1898.1980685299948	-3698.9666148489614
645.0	3215354.5917177964	-1177395.9323652415	-504265.92557949084	6069.853342013182	-1897.4032654230123	-3705.8739444221524
646.0	3221422.4640275235	-1179292.9346570983	-507975.24291546294	6065.89147577801	-1896.6055809038112	-3712.7769089417684
647.0	3227486.3709951336	-1181189.1378322649	-511691.4610323992	6061.922637110341	-1895.8050151513448	-3719.675500245995
648.0	3233546.3056504373	-1183084.53900977	-515414.575552942	6057.946830975557	-1895.0015683493473	-3726.569710177814
649.0	3239602.2610287676	-1184979.135308546	-519144.5820918551	6053.9640623471	-1894.1952406853097	-3733.459530585726
650.0	3245654.230169537	-1186872.9238478923	-522881.4762552844	6049.974336206923	-1893.3860323515883	-3740.3449533224057
651.0	3251702.2061180733	-1188765.9017471336	-526625.2536416987	6045.977657544739	-1892.5739435442213	-3747.225970246472
652.0	3257746.181924215	-1190658.066125988	-530375.9098412113	6041.974031358563	-1891.758974463945	-3754.1025732211756
653.0	3263786.1506428383	-1192549.4141042735	-534133.4404358086	6037.963462654595	-1890.9411253156827	-3760.974754114859
654.0	3269822.105333662	-1194439.9428020674	-537897.8409992396	6033.945956447183	-1890.1203963087655	-3767.84250480076
655.0	3275854.039062012	-1196329.6493395083	-541669.1070974516	6029.921517758654	-1889.2967876563748	-3774.7058171577964
656.0	3281881.9448976116	-1198218.53083721	-545447.2342879635	6025.890151619566	-1888.4702995765383	-3781.564683069396
657.0	3287905.8159156414	-1200106.584415684	-549232.2181203514	6021.851863068604	-1887.6409322910592	-3788.4190944244474
658.0	3293925.6451958953	-1201993.8071959834	-553024.054135907	6017.806657152574	-1886.8086860265355	-3795.2690431166147
659.0	3299941.425823816	-1203880.196299123	-556822.7378680969	6013.7545389262605	-1885.9735610133234	-3802.1145210452214
660.0	3305953.150889448	-1205765.7488464322	-560628.2648420504	6009.695513452716	-1885.1355574863626	-3808.9555201142853
661.0	3311960.813487786	-1207650.4619597853	-564440.6305748131	6005.629585802956	-1884.2946756852255	-3815.7920322329746
662.0	3317964.4067193638	-1209534.3327607578	-568259.8305754717	6001.556761056194	-1883.4509158530582	-3822.624049315907
663.0	3323963.923689392	-1211417.3583716191	-572085.8603449	5997.477044299633	-1882.604278237908	-3829.4515632825824
664.0	3329959.357508606	-1213299.535914559	-575918.7153760709	5993.39044062854	-1881.754763091592	-3836.274566058041
665.0	3335950.7012923597	-1215180.8625123324	-579758.3911536986	5989.296955146323	-1880.9023706707621	-3843.0930495721286
666.0	3341937.9481615247	-1217061.335287626	-583604.883154548	5985.196592964403	-1880.0471012358412	-3849.907005760179
667.0	3347921.0912416372	-1218940.9513637074	-587458.1868471748	5981.089359202333	-1879.1889550520839	-3856.7164265623937
668.0	3353900.123664088	-1220819.7078637518	-591318.2976924048	5976.975258987537	-1878.3279323883432	-3863.5213039248392
669.0	3359875.0385643058	-1222697.6019116817	-595185.2111424555	5972.854297455758	-1877.4640335187391	-3870.3216297978192
670.0	3365845.8290840215	-1224574.630631263	-599058.9226421404	5968.726479750468	-1876.5972587207373	-3877.117396137961
671.0	3371812.4883692027	-1226450.7911468092	-602939.4276277053	5964.59181102344	-1875.7276082767787	-3883.908594906269
672.0	3377775.009571606	-1228326.0805826616	-606826.7215276803	5960.450296434299	-1874.8550824730653	-3890.6952180695753
673.0	3383733.3858477613	-1230200.4960638061	-610720.7997624548	5956.301941150745	-1873.979681600635	-3897.4772575997263
674.0	3389687.6103595877	-1232074.0347151095	-614621.657744375	5952.146750348518	-1873.1014059543047	-3904.254705473901
675.0	3395637.676273931	-1233946.6936621265	-618529.2908777404	5947.984729211357	-1872.220255833709	-3911.0275536744593
676.0	3401583.5767633365	-1235818.4700302924	-622443.6945590244	5943.8158829309305	-1871.3362315421323	-3917.795794189428
677.0	3407525.3050047215	-1237689.3609458976	-626364.8641763423	5939.640216707035	-1870.4493333880828	-3924.5594190115175
678.0	3413462.8541811253	-1239559.363535026	-630292.7951102194	5935.4577357472745	-1869.559561683445	-3931.318420139485
679.0	3419396.217480046	-1241428.4749244228	-634227.4827328152	5931.268445267416	-1868.6669167450793	-3938.072789576784
680.0	3425325.3880947432	-1243296.69224085	-638168.9224085631	5927.072350491109	-1867.7713988936341	-3944.822519332661
681.0	3431250.3592232605	-1245164.0126117095	-642117.1094936999	5922.869456650007	-1866.8730084545643	-3951.5676014213627
682.0	3437171.1240692628	-1247030.4331644168	-646072.0393366413	5918.659768983712	-1865.9717457571317	-3958.3080278627685
683.0	3443087.6758414023	-1248895.9510270618	-650033.7072777532	5914.443292739731	-1865.0676111353976	-3965.0437906820116
684.0	3449000.0077537983	-1250760.5633277101	-654002.1086494734	5910.2200331736085	-1864.1606049272484	-3971.774881909674
685.0	3454908.113025566	-1252624.267195011	-657977.2387761676	5905.989995548805	-1863.2507274752384	-3978.501293581545
686.0	3460811.9848813596	-1254487.059757934	-661959.0929744011	5901.753185136655	-1862.3379791261093	-3985.2230177390943
687.0	3466711.616550712	-1256348.9381457958	-665947.6665525569	5897.5096072165825	-1861.4223602310667	-3991.940046428787
688.0	3472607.001269004	-1258209.899488083	-669942.9548113425	5893.259267075762	-1860.5038711452132	-3998.652371703013
689.0	3478498.132276297	-1260069.9409149294	-673944.9530432331	5889.002170009447	-1859.5825122285	-4005.359985619083
690.0	3484385.0028185607	-1261929.0595565345	-677953.6565330427	5884.738321320645	-1858.658283844643	-4012.0628802402475
691.0	3490267.606146467	-1263787.2525437567	-681969.0605573882	5880.467726320429	-1857.7311863622283	-4018.7610476347
692.0	3496145.935516647	-1265644.517007552	-685991.1603852506	5876.19039032759	-1856.8012201535898	-4025.454479876651
693.0	3502019.984190505	-1267500.8500794345	-690019.9512774176	5871.906318668986	-1855.8683855958134	-4032.143169045273
694.0	3507889.745435015	-1269356.2488912474	-694055.4284868878	5867.615516679285	-1854.9326830701352	-4038.827107225461
695.0	3513755.2125223726	-1271210.71057531	-698097.5872586798	5863.3179897010305	-1853.9941129622434	-4045.506286507491
696.0	3519616.3787303427	-1273064.2322640438	-702146.422830007	5859.013743084699	-1853.0526756617896	-4052.1806989872744
697.0	3525473.237341693	-1274916.811090615	-706201.9304300246	5854.702782188619	-1852.1083715632158	-4058.850336765987
698.0	3531325.7816451383	-1276768.444188294	-710264.1052802787	5850.385112378815	-1851.1612010647461	-4065.515191950827
699.0	3537174.0049340627	-1278619.128691025	-714332.9425940823	5846.060739029431	-1850.2111645695036	-4072.1752566538794
700.0	3543017.900507736	-1280468.8617328256	-718408.4375770718	5841.7296675223315	-1849.2582624843826	-4078.830522993183
701.0	3548857.4616707065	-1282317.6404483253	-722490.5854270016	5837.391903247176	-1848.302495220837	-4085.480983092276
702.0	3554692.681732549	-1284165.461972822	-726579.3813335795	5833.047451601565	-1847.343863195032	-4092.1266290799776
703.0	3560523.5540087936	-1286012.3234414766	-730674.8204788659	5828.696317990862	-1846.3823668267064	-4098.76745309103
704.0	3566350.071819839	-1287858.221990318	-734776.8980368017	5824.338507828382	-1845.418006540562	-4105.403447265358
705.0	3572172.228492191	-1289703.154755509	-738885.6091738581	5819.974026534959	-1844.4507827650475	-4112.034603749074
706.0	3577990.017356925	-1291547.118873897	-743000.9490481769	5815.60287953965	-1843.4806959335415	-4118.6609146931005
707.0	3583803.4317514426	-1293390.111482515	-747122.9128105314	5811.22507227889	-1842.5077464831302	-4125.282372254786
708.0	3589612.4650177835	-1295232.1297191079	-751251.495603458	5806.84061019727	-1841.5319348558207	-4131.898968596383
709.0	3595417.110504242	-1297073.1707214871	-755386.6925620292	5802.449498746866	-1840.5532614972394	-4138.510695886436
710.0	3601217.3615635405	-1298913.2316284487	-759528.4988129968	5798.051743387881	-1839.5717268582816	-4145.117546298276
711.0	3607013.2115548267	-1300752.3095786911	-763676.9094757503	5793.647349588015	-1838.5873313932443	-4151.719512011658
712.0	3612804.653842153	-1302590.4017118034	-767831.9196616281	5789.236322822854	-1837.600075561392	-4158.316585211581
713.0	3618591.6817953875	-1304427.5051674494	-771993.5244742464	5784.818668575745	-1836.60995982581	-4164.908758088885
714.0	3624374.2887895936	-1306263.6170861493	-776161.7190093384	5780.394392337763	-1835.6169846543967	-4171.496022839948
715.0	3630152.4682056834	-1308098.7346085282	-780336.4983549812	5775.963499607713	-1834.6211505188874	-4178.078371667038
716.0	3635926.213429608	-1309932.8548760181	-784517.8575912239	5771.525995892259	-1833.6224578958586	-4184.655796777787
717.0	3641695.5178535003	-1311765.975030132	-788705.791790681	5767.081886705597	-1832.6209072655404	-4191.228290386044
718.0	3647460.374873889	-1313598.092213377	-792900.2960175611	5762.631177570074	-1831.6164991134674	-4197.795844710432
719.0	3653220.777894184	-1315429.2035683058	-797101.36532909	5758.173874015181	-1830.609233928489	-4204.3584519765
